# Seq RA_ICRS   DE_ICRS   Plx   e_Plx pmRA   e_pmRA pmDE   e_pmDE RV     e_RV  Memb GaiaDR2 SimbadName                   _RA_icrs  _DE_icrs  Gmag      BPmag     RPmag    
  1   183.10367 27.380058 11.67 0.05  -12.19 0.08   -9.41  0.05   0.15   0.27  b    GaiaDR2 "Gaia DR2 4009709385110617472" 183.10373 27.380098 7.979468  8.17706   7.629294 
  2   183.17819 25.228415 11.31 0.12  -11.75 0.17   -7.85  0.12   0.0    0.0   b    GaiaDR2 "Gaia DR2 4003180691222880896" 183.17825 25.228449 16.48972  18.26244  15.217038
  3   183.22176 26.250357 11.59 0.04  -12.07 0.06   -9.52  0.04   0.59   1.01  b    GaiaDR2 "Gaia DR2 4003406537783052416" 183.22182 26.250397 11.097765 11.634375 10.412151
  4   183.88109 25.06696  11.32 0.11  -12.13 0.17   -9.13  0.14   0.0    0.0   b    GaiaDR2 "Gaia DR2 4002505586787874560" 183.88115 25.066998 16.01661  17.729359 14.767036
  5   184.03484 25.760326 11.72 0.05  -12.23 0.08   -10.53 0.06   2.06   0.37  b    GaiaDR2 "Gaia DR2 4002565308308607616" 184.0349  25.760372 7.988176  8.188746  7.633772 
  6   184.15536 26.89944  11.52 0.06  -12.29 0.11   -9.44  0.08   0.0    0.0   b    GaiaDR2 "Gaia DR2 4009455054326835968" 184.15543 26.89948  15.039103 16.50075  13.859041
  7   184.17174 26.777466 11.64 0.08  -11.74 0.14   -10.39 0.1    0.0    0.0   b    GaiaDR2 "Gaia DR2 4009440382718550272" 184.1718  26.77751  16.11994  17.768393 14.876345
  8   184.46205 25.571302 11.19 0.05  -11.3  0.08   -9.65  0.06   2.01   0.54  b    GaiaDR2 "Gaia DR2 4002550293102977152" 184.46211 25.571344 7.763075  7.941443  7.441972 
  9   184.59094 25.403536 12.13 0.25  -13.61 0.39   -9.88  0.32   0.0    0.0   b    GaiaDR2 "Gaia DR2 4002496794990367360" 184.591   25.40358  18.118244 20.304743 16.71422 
  10  184.59132 27.745083 11.91 0.09  -12.23 0.12   -9.78  0.17   0.0    0.0   b    GaiaDR2 "Gaia DR2 4009788859185281152" 184.59138 27.745125 16.028017 17.68616  14.781389
  11  184.73402 25.76584  11.54 0.1   -11.62 0.16   -9.61  0.18   0.0    0.0   b    GaiaDR2 "Gaia DR2 4008511467191955840" 184.73409 25.765882 16.611988 16.565842 16.71564 
  12  184.75838 26.008312 11.58 0.09  -12.52 0.14   -8.55  0.24   0.0    0.0   b    GaiaDR2 "Gaia DR2 4008571356215936896" 184.75844 26.00835  6.413138  6.491275  6.245359 
  13  184.82991 23.034632 11.71 0.06  -12.62 0.1    -9.63  0.08   0.0    0.0   b    GaiaDR2 "Gaia DR2 3953900747569804928" 184.82997 23.034672 6.230475  6.295106  6.093592 
  14  184.96088 28.464317 11.68 0.05  -12.27 0.09   -9.03  0.07   0.0    0.0   b    GaiaDR2 "Gaia DR2 4010203993544316032" 184.96094 28.464355 6.604372  6.685485  6.432755 
  15  185.15077 28.451998 12.03 0.13  -12.65 0.2    -8.89  0.13   0.0    0.0   b    GaiaDR2 "Gaia DR2 4010214778206706048" 185.15083 28.452036 17.166252 19.148815 15.853622
  16  185.18982 25.765827 11.84 0.06  -12.18 0.07   -8.31  0.06   -0.48  0.31  b    GaiaDR2 "Gaia DR2 4008525241151501824" 185.18988 25.765863 8.918177  9.196861  8.470397 
  17  185.315   26.15386  11.78 0.04  -11.76 0.07   -9.45  0.05   -0.28  0.37  b    GaiaDR2 "Gaia DR2 4008553489152025856" 185.31506 26.153902 11.14276  11.698326 10.441659
  18  185.4195  27.1308   11.45 0.04  -11.84 0.06   -8.88  0.05   6.17   4.02  b    GaiaDR2 "Gaia DR2 4009508689878952832" 185.41956 27.130838 13.191741 14.354833 12.122013
  19  185.45422 26.549063 11.56 0.05  -12.47 0.08   -8.11  0.05   0.59   0.13  b    GaiaDR2 "Gaia DR2 4008706733584941312" 185.45428 26.549097 9.146585  9.436352  8.689064 
  20  185.48395 27.309471 11.72 0.07  -13.36 0.08   -9.01  0.07   -0.37  0.31  b    GaiaDR2 "Gaia DR2 4009518100151157248" 185.48401 27.309511 8.398304  8.628871  8.00357  
  21  185.5603  25.448956 11.45 0.15  -11.64 0.21   -9.49  0.16   0.0    0.0   b    GaiaDR2 "Gaia DR2 4008314551531430784" 185.56035 25.448996 17.181557 19.215193 15.877586
  22  185.6031  22.4641   11.67 0.06  -11.79 0.11   -9.93  0.07   -1.13  0.33  b    GaiaDR2 "Gaia DR2 3953625839598043008" 185.60315 22.464142 8.419213  8.648732  8.026302 
  23  185.62624 25.846123 11.83 0.24  -10.85 0.4    -9.55  0.35   0.0    3.86  b    GaiaDR2 "Gaia DR2 4008342726516877312" 185.6263  25.846165 4.624533  4.922126  4.183922 
  24  185.78494 25.851336 11.41 0.1   -12.28 0.12   -8.73  0.25   -16.25 17.69 b    GaiaDR2 "Gaia DR2 4008433608024885632" 185.785   25.851374 8.964308  9.244772  8.514722 
  25  185.80005 23.937464 11.12 0.07  -11.67 0.1    -9.11  0.13   0.0    0.0   b    GaiaDR2 "Gaia DR2 3954074577781239936" 185.80011 23.937504 14.961775 16.391827 13.789779
  26  185.83723 28.920776 12.12 0.2   -13.07 0.31   -9.43  0.25   0.0    0.0   b    GaiaDR2 "Gaia DR2 4010324591930017920" 185.8373  28.920816 17.936075 20.18435  16.556538
  27  185.92082 26.979898 11.43 0.07  -12.16 0.1    -7.91  0.08   0.26   0.35  b    GaiaDR2 "Gaia DR2 4008744254419270400" 185.92088 26.979933 8.263161  8.482432  7.886273 
  28  185.94667 23.245653 11.75 0.04  -12.56 0.07   -9.96  0.05   0.55   0.56  b    GaiaDR2 "Gaia DR2 3953816570505994880" 185.94673 23.245695 11.244143 11.813084 10.530552
  29  185.9813  23.414429 11.34 0.04  -11.29 0.06   -9.32  0.05   0.0    0.0   b    GaiaDR2 "Gaia DR2 3953836670952932224" 185.98134 23.414469 14.102888 15.296041 13.014709
  30  186.02383 26.128551 11.25 0.04  -11.73 0.07   -8.99  0.05   -0.04  0.61  b    GaiaDR2 "Gaia DR2 4008444912378815232" 186.0239  26.12859  10.258201 10.653845 9.697545 
  31  186.04527 23.993345 12.13 0.08  -12.85 0.09   -9.04  0.09   0.0    0.0   b    GaiaDR2 "Gaia DR2 3954070042295789824" 186.04533 23.993383 15.008049 16.428556 13.834711
  32  186.25934 25.560627 11.48 0.05  -12.65 0.08   -8.18  0.06   0.0    0.0   b    GaiaDR2 "Gaia DR2 4008364338792386304" 186.2594  25.560661 8.031269  8.304643  7.58734  
  33  186.26094 26.71058  11.91 0.06  -11.33 0.1    -8.79  0.06   0.0    0.0   b    GaiaDR2 "Gaia DR2 4009049575054518400" 186.261   26.710617 14.237177 15.517051 13.117344
  34  186.34369 23.229046 11.56 0.06  -11.18 0.1    -10.83 0.07   -0.95  0.42  b    GaiaDR2 "Gaia DR2 3953772074643910784" 186.34373 23.229092 8.457365  8.687356  8.066516 
  35  186.35434 23.84795  11.21 0.05  -11.86 0.07   -7.6   0.05   0.07   0.73  b    GaiaDR2 "Gaia DR2 3953876974926061056" 186.35439 23.847982 12.804674 13.702329 11.870338
  36  186.4664  26.776634 11.59 0.05  -13.42 0.09   -8.6   0.06   0.0    0.0   b    GaiaDR2 "Gaia DR2 4009051048227419520" 186.46646 26.77667  8.231913  8.45031   7.85405  
  37  186.47588 26.860712 11.41 0.06  -11.54 0.09   -7.78  0.07   0.0    0.0   b    GaiaDR2 "Gaia DR2 4009058199348854656" 186.47592 26.860746 14.643725 15.984687 13.499988
  38  186.50102 24.155771 11.53 0.07  -11.62 0.1    -6.61  0.08   0.0    0.0   b    GaiaDR2 "Gaia DR2 3960080316450597376" 186.50108 24.155802 13.54505  14.800206 12.430645
  39  186.53526 24.658667 11.98 0.07  -11.85 0.12   -9.27  0.09   0.0    0.0   b    GaiaDR2 "Gaia DR2 3960130997064687616" 186.53531 24.658707 14.70397  16.22327  13.507463
  40  186.66774 27.312035 12.23 0.08  -13.51 0.13   -9.15  0.11   0.0    0.0   b    GaiaDR2 "Gaia DR2 4009109979474585600" 186.6678  27.312075 15.321909 16.849604 14.122596
  41  186.736   22.673964 11.44 0.04  -11.01 0.08   -8.27  0.07   0.0    0.0   b    GaiaDR2 "Gaia DR2 3952978708285528960" 186.73604 22.674    14.171208 15.437058 13.053274
  42  186.74701 26.825663 11.67 0.21  -11.46 0.37   -9.22  0.42   0.0    0.0   b    GaiaDR2 "Gaia DR2 4008867605880031872" 186.74707 26.825703 4.931158  4.987098  4.828503 
  43  186.77603 26.84566  11.16 0.1   -12.89 0.11   -7.79  0.25   -0.34  0.24  b    GaiaDR2 "Gaia DR2 4008867674599508992" 186.7761  26.845694 9.691937  10.028192 9.186371 
  44  186.83615 23.32981  11.9  0.04  -12.41 0.07   -9.08  0.05   0.89   0.43  b    GaiaDR2 "Gaia DR2 3953787429152384256" 186.83621 23.32985  10.11321  10.510008 9.550366 
  45  186.90979 25.912067 11.85 0.06  -12.2  0.1    -9.3   0.07   0.0    0.0   b    GaiaDR2 "Gaia DR2 4008390933229933184" 186.90985 25.912107 6.647958  6.721553  6.489028 
  46  187.01883 24.352081 11.87 0.08  -12.05 0.1    -9.32  0.09   0.0    0.0   b    GaiaDR2 "Gaia DR2 3959922399093081216" 187.01889 24.352121 15.190502 16.671638 14.003668
  47  187.0879  28.04054  12.02 0.04  -12.66 0.06   -9.05  0.06   -0.11  0.51  b    GaiaDR2 "Gaia DR2 4009295144104998912" 187.08797 28.04058  10.158183 10.557427 9.592029 
  48  187.14418 29.544914 11.72 0.15  -12.1  0.27   -8.75  0.18   0.0    0.0   b    GaiaDR2 "Gaia DR2 4011691010005942144" 187.14424 29.544952 17.83057  20.030642 16.475716
  49  187.23505 26.549236 11.86 0.05  -12.88 0.07   -9.24  0.05   1.3    0.21  b    GaiaDR2 "Gaia DR2 4008820429959330304" 187.2351  26.549276 10.527642 10.979493 9.912295 
  50  187.33391 24.74284  12.19 0.09  -12.3  0.17   -8.4   0.12   0.0    0.0   b    GaiaDR2 "Gaia DR2 3960032041018245120" 187.33397 24.742876 16.729687 18.618761 15.437219
  51  187.3349  28.43432  11.13 0.09  -12.03 0.15   -8.4   0.1    0.0    0.0   b    GaiaDR2 "Gaia DR2 4010812263992578048" 187.33495 28.434357 15.978721 17.582472 14.751305
  52  187.35374 21.780447 12.12 0.04  -12.08 0.06   -9.82  0.04   0.55   1.12  b    GaiaDR2 "Gaia DR2 3952684039169530752" 187.3538  21.780489 12.888371 13.845309 11.918502
  53  187.42047 24.520695 11.37 0.04  -11.22 0.06   -8.6   0.04   0.0    0.0   b    GaiaDR2 "Gaia DR2 3960008298439044864" 187.42052 24.520733 9.500921  9.909178  8.921236 
  54  187.52023 24.042717 11.36 0.06  -11.99 0.08   -8.67  0.07   0.0    0.0   b    GaiaDR2 "Gaia DR2 3959841756787187456" 187.5203  24.042753 14.452757 15.789335 13.312615
  55  187.73906 22.770798 12.13 0.06  -12.38 0.09   -9.34  0.09   0.0    0.0   b    GaiaDR2 "Gaia DR2 3958947235358426496" 187.7391  22.770838 13.918066 15.273127 12.770673
  56  187.75227 24.567127 12.0  0.14  -12.41 0.23   -9.68  0.27   0.0    0.0   b    GaiaDR2 "Gaia DR2 3959965486205062528" 187.75233 24.56717  5.430502  5.450089  5.368672 
  57  187.76285 27.730303 11.59 0.06  -12.39 0.08   -8.57  0.06   0.46   0.35  b    GaiaDR2 "Gaia DR2 4009041088198961152" 187.76291 27.73034  8.443741  8.677705  8.049397 
  58  187.8655  25.394365 11.91 0.06  -11.98 0.09   -8.56  0.06   0.0    0.0   b    GaiaDR2 "Gaia DR2 3960449099522357376" 187.86554 25.394402 13.950062 15.155577 12.857037
  59  187.9021  24.874191 11.54 0.12  -11.85 0.17   -9.02  0.16   0.0    0.0   b    GaiaDR2 "Gaia DR2 3960046330373501696" 187.90216 24.874231 16.775969 18.72202  15.445188
  60  188.25255 27.71239  12.15 0.07  -13.01 0.1    -9.87  0.08   -0.17  0.7   b    GaiaDR2 "Gaia DR2 4010481375416160000" 188.25261 27.712435 10.92639  11.448873 10.248895
  61  188.39252 24.282946 11.53 0.08  -11.89 0.09   -9.0   0.08   0.0    0.0   b    GaiaDR2 "Gaia DR2 3959212286380277632" 188.39258 24.282984 6.243773  6.286472  6.140652 
  62  188.63077 25.750044 11.87 0.23  -13.16 0.37   -9.33  0.19   -0.52  0.78  b    GaiaDR2 "Gaia DR2 3960475762679374208" 188.63083 25.750084 12.531966 13.536794 11.513314
  63  188.68953 27.38682  12.27 0.16  -12.91 0.21   -9.44  0.13   0.0    0.0   b    GaiaDR2 "Gaia DR2 3962424475240656896" 188.68959 27.38686  17.680826 19.849562 16.309622
  64  188.82265 24.465021 11.13 0.03  -11.67 0.05   -7.82  0.03   1.12   0.94  b    GaiaDR2 "Gaia DR2 3959582478201258496" 188.8227  24.465055 13.447648 14.484839 12.436649
  65  188.89197 25.01714  11.79 0.09  -12.3  0.13   -8.42  0.08   0.0    0.0   b    GaiaDR2 "Gaia DR2 3959638140977409152" 188.89203 25.017176 16.56118  18.391085 15.276323
  66  188.96796 27.844765 11.32 0.13  -11.79 0.19   -8.55  0.12   0.0    0.0   b    GaiaDR2 "Gaia DR2 4010499895315622656" 188.96802 27.8448   16.951979 18.795845 15.665436
  67  189.03665 29.802958 11.83 0.11  -11.44 0.15   -10.29 0.12   0.0    0.0   b    GaiaDR2 "Gaia DR2 4011331164761568512" 189.03671 29.803001 15.380868 16.990992 14.137068
  68  189.32257 29.353203 11.63 0.18  -11.8  0.24   -7.9   0.17   0.0    0.0   b    GaiaDR2 "Gaia DR2 4011113186581046528" 189.32263 29.353237 17.818377 20.066803 16.437252
  69  189.48456 25.862558 11.68 0.04  -12.7  0.06   -8.97  0.04   0.0    0.0   b    GaiaDR2 "Gaia DR2 3960536716855239936" 189.48462 25.862597 14.022779 15.228456 12.932301
  70  189.54767 23.556103 11.45 0.04  -12.04 0.07   -10.34 0.04   -0.84  1.84  b    GaiaDR2 "Gaia DR2 3958873739878027392" 189.54773 23.556147 12.967571 13.916719 12.004886
  71  189.69179 26.316168 11.22 0.12  -12.21 0.13   -8.61  0.09   0.0    0.0   b    GaiaDR2 "Gaia DR2 3962066103169597184" 189.69185 26.316204 16.279625 18.015413 15.020564
  72  190.1912  27.205961 11.72 0.07  -12.76 0.1    -8.51  0.06   0.0    0.0   b    GaiaDR2 "Gaia DR2 3962261129044623232" 190.19127 27.205997 15.288213 16.874758 14.072643
  73  190.66185 25.16036  11.07 0.03  -11.26 0.04   -7.51  0.03   0.0    0.0   b    GaiaDR2 "Gaia DR2 3959503725681020032" 190.66191 25.160393 13.678233 14.771612 12.638356
  74  190.77739 24.254745 11.86 0.07  -12.18 0.09   -8.62  0.06   0.0    0.0   b    GaiaDR2 "Gaia DR2 3959379102909992576" 190.77744 24.254784 15.12779  16.65821  13.925117
  75  191.1249  24.934042 12.12 0.04  -12.22 0.05   -8.76  0.04   0.0    0.0   b    GaiaDR2 "Gaia DR2 3960936801648700928" 191.12495 24.93408  13.763654 14.946782 12.682679
  76  191.12878 28.16367  12.03 0.07  -12.72 0.09   -8.89  0.06   0.0    0.0   b    GaiaDR2 "Gaia DR2 3962716670455862528" 191.12885 28.163708 15.132463 16.70035  13.919769
  77  191.67722 25.400059 11.44 0.1   -11.95 0.16   -7.16  0.12   0.0    0.0   b    GaiaDR2 "Gaia DR2 3960979957480124544" 191.67728 25.40009  17.133593 19.045767 15.831362
  78  164.2123  17.330553 9.79  0.17  -10.73 0.29   -8.26  0.3    0.0    0.0   t    GaiaDR2 "Gaia DR2 3982238224528846720" 164.21234 17.33059  17.159561 19.067905 15.832013
  79  165.4933  20.033749 10.28 0.07  -11.03 0.12   -8.92  0.16   0.0    0.0   t    GaiaDR2 "Gaia DR2 3985212884518948992" 165.49336 20.033787 15.01495  16.479918 13.832859
  80  166.63995 14.23492  10.18 0.04  -10.95 0.07   -9.1   0.06   1.77   0.66  t    GaiaDR2 "Gaia DR2 3968542604614202880" 166.64    14.234959 11.372606 11.905749 10.689402
  81  168.56424 9.241932  10.27 0.12  -10.87 0.18   -7.36  0.17   0.0    0.0   t    GaiaDR2 "Gaia DR2 3819036609811244288" 168.56429 9.241964  16.835442 18.554235 15.570853
  82  170.49    23.773542 11.74 0.13  -12.24 0.22   -11.05 0.2    0.0    0.0   t    GaiaDR2 "Gaia DR2 3993604181167738112" 170.49005 23.773588 16.959206 19.009537 15.617864
  83  170.65094 24.938736 11.15 0.05  -11.52 0.07   -9.5   0.08   3.6    1.22  t    GaiaDR2 "Gaia DR2 3993835834523658368" 170.651   24.938778 12.917168 13.851112 11.966616
  84  170.90363 20.060898 10.81 0.1   -11.85 0.19   -9.08  0.13   0.0    0.0   t    GaiaDR2 "Gaia DR2 3978084711980694656" 170.90367 20.060938 15.687046 17.225664 14.477449
  85  171.05602 20.676758 10.52 0.04  -11.52 0.08   -9.12  0.07   2.89   0.64  t    GaiaDR2 "Gaia DR2 3978702504371497856" 171.05606 20.676796 12.144462 12.872069 11.319341
  86  171.18716 16.769817 10.26 0.15  -11.58 0.16   -7.93  0.16   0.0    0.0   t    GaiaDR2 "Gaia DR2 3970663974861110656" 171.18721 16.769852 16.438276 18.158909 15.18523 
  87  171.63023 14.869563 11.09 0.18  -12.65 0.27   -8.22  0.23   0.0    0.0   t    GaiaDR2 "Gaia DR2 3967135504608681216" 171.6303  14.869598 15.050733 16.686869 13.794966
  88  172.277   10.639551 10.43 0.12  -10.99 0.17   -6.7   0.14   0.0    0.0   t    GaiaDR2 "Gaia DR2 3915486152052425472" 172.27705 10.63958  16.044186 17.65168  14.823096
  89  172.29765 16.235777 10.97 0.06  -11.28 0.09   -8.92  0.08   0.0    0.0   t    GaiaDR2 "Gaia DR2 3967388220484516224" 172.2977  16.235813 14.565023 15.960583 13.409032
  90  172.36577 12.459608 11.8  0.05  -13.23 0.08   -6.53  0.06   -18.76 0.49  t    GaiaDR2 "Gaia DR2 3917421842273106816" 172.36581 12.459636 9.531664  9.855497  9.037584 
  91  172.81636 13.315394 10.66 0.11  -11.57 0.17   -6.73  0.14   0.0    0.0   t    GaiaDR2 "Gaia DR2 3965611615852422784" 172.81642 13.315423 16.250036 17.854927 14.915724
  92  172.98155 27.785519 11.0  0.11  -12.02 0.13   -9.21  0.11   0.0    0.0   t    GaiaDR2 "Gaia DR2 4018789014693472896" 172.98161 27.785559 15.960101 17.611792 14.728194
  93  173.67036 23.3342   10.78 0.07  -11.79 0.07   -9.1   0.08   0.0    0.0   t    GaiaDR2 "Gaia DR2 3981006148735077760" 173.67043 23.334238 13.127173 14.086249 12.15801 
  94  174.2154  20.542675 11.3  0.06  -12.03 0.09   -9.4   0.06   2.27   0.75  t    GaiaDR2 "Gaia DR2 3979061872875506944" 174.21544 20.542715 10.08572  10.465282 9.539617 
  95  174.36433 24.546844 11.1  0.19  -12.05 0.26   -10.22 0.54   0.0    0.0   t    GaiaDR2 "Gaia DR2 3981181147178477056" 174.3644  24.546888 16.642109 18.45248  15.385302
  96  174.51378 16.638914 11.27 0.1   -11.8  0.16   -9.74  0.14   0.0    0.0   t    GaiaDR2 "Gaia DR2 3972716488192456832" 174.51382 16.638956 15.618126 17.15907  14.40557 
  97  175.98376 7.806255  10.74 0.22  -13.05 0.46   -7.0   0.32   0.0    0.0   t    GaiaDR2 "Gaia DR2 3910169150043129088" 175.98381 7.806285  18.26243  20.45901  16.84971 
  98  176.12288 3.070249  10.72 0.11  -13.05 0.21   -6.03  0.13   0.0    0.0   t    GaiaDR2 "Gaia DR2 3799834674320020480" 176.12292 3.070275  16.775204 18.601051 15.497104
  99  176.71072 24.43811  11.58 0.2   -11.35 0.33   -9.29  0.25   0.0    0.0   t    GaiaDR2 "Gaia DR2 4005007422418078848" 176.71077 24.43815  17.767818 19.85903  16.383265
  100 177.15703 28.275108 11.2  0.04  -12.06 0.06   -9.36  0.06   0.5    1.04  t    GaiaDR2 "Gaia DR2 4019588600164776448" 177.15709 28.275148 10.228853 10.626971 9.667169 
  101 178.4396  24.170946 11.86 0.14  -11.87 0.18   -9.84  0.15   0.0    0.0   t    GaiaDR2 "Gaia DR2 4004386305722674944" 178.43967 24.170988 16.627987 18.380781 15.356735
  102 178.70856 14.888763 11.32 0.36  -13.46 0.55   -7.36  0.91   0.0    0.0   t    GaiaDR2 "Gaia DR2 3923649162599782784" 178.70862 14.888795 17.784988 19.89586  16.431597
  103 178.80397 9.57523   10.41 0.1   -11.36 0.16   -7.1   0.11   0.0    0.0   t    GaiaDR2 "Gaia DR2 3912171296294137344" 178.80402 9.575261  15.686855 17.259935 14.467032
  104 178.87724 25.475706 12.37 0.04  -12.77 0.06   -9.63  0.04   1.56   0.84  t    GaiaDR2 "Gaia DR2 4004752992851572096" 178.8773  25.475746 12.454886 13.330119 11.527107
  105 179.31633 24.651386 11.86 0.07  -12.32 0.12   -10.85 0.07   0.0    0.0   t    GaiaDR2 "Gaia DR2 4004509451025280768" 179.31639 24.651434 14.815242 16.258604 13.639269
  106 179.69498 21.907839 11.46 0.07  -11.65 0.11   -9.09  0.09   0.0    0.0   t    GaiaDR2 "Gaia DR2 4000505441994196352" 179.69502 21.907877 15.132257 16.511414 13.976976
  107 179.72545 23.852371 10.97 0.06  -11.75 0.12   -8.79  0.12   0.0    0.0   t    GaiaDR2 "Gaia DR2 4001382061998604288" 179.7255  23.85241  14.993288 16.434855 13.816191
  108 179.77165 26.742926 11.19 0.03  -12.02 0.05   -8.79  0.04   0.0    0.0   t    GaiaDR2 "Gaia DR2 4006473213152260736" 179.7717  26.742964 13.589093 14.67826  12.551653
  109 179.91254 27.146303 11.04 0.15  -11.12 0.24   -11.43 0.17   0.0    0.0   t    GaiaDR2 "Gaia DR2 4006512177095553280" 179.91258 27.146353 17.666288 19.723267 16.299152
  110 180.22334 30.824224 12.21 0.09  -12.33 0.13   -11.15 0.11   0.0    0.0   t    GaiaDR2 "Gaia DR2 4026284385460203904" 180.22342 30.824272 15.509421 17.04493  14.299833
  111 180.42395 27.486452 11.22 0.18  -11.6  0.28   -7.8   0.37   0.0    0.0   t    GaiaDR2 "Gaia DR2 4006897212323689088" 180.42401 27.486486 17.581898 19.645514 16.20159 
  112 180.61086 20.122952 11.08 0.04  -12.14 0.07   -7.95  0.05   0.53   0.43  t    GaiaDR2 "Gaia DR2 3999244370876485504" 180.6109  20.122986 9.689096  10.017692 9.189956 
  113 180.88623 17.471071 10.94 0.06  -11.76 0.11   -9.3   0.06   0.0    0.0   t    GaiaDR2 "Gaia DR2 3925960409056374016" 180.88629 17.471111 14.454164 15.731987 13.337489
  114 181.09387 24.021381 11.71 0.1   -12.35 0.15   -9.4   0.12   0.0    0.0   t    GaiaDR2 "Gaia DR2 4002671479900209536" 181.09392 24.021421 15.737822 17.338787 14.513965
  115 181.09692 24.820646 12.14 0.05  -12.54 0.07   -9.89  0.05   -0.44  0.44  t    GaiaDR2 "Gaia DR2 4002921034680029056" 181.09698 24.820688 9.877399  10.244589 9.345027 
  116 181.35292 18.916862 11.12 0.07  -11.52 0.1    -9.73  0.07   0.0    0.0   t    GaiaDR2 "Gaia DR2 3950889739272160768" 181.35297 18.916904 14.713852 16.094234 13.540233
  117 181.79991 26.061172 11.86 0.11  -12.19 0.14   -9.24  0.12   0.0    0.0   t    GaiaDR2 "Gaia DR2 4003516420226625792" 181.79997 26.061213 16.053488 17.704544 14.821367
  118 181.98068 1.364933  11.43 0.16  -12.33 0.28   -5.75  0.17   0.0    0.0   t    GaiaDR2 "Gaia DR2 3699537189274433408" 181.98074 1.364958  16.457783 18.189054 15.199339
  119 181.99043 25.586466 10.78 0.11  -9.93  0.16   -8.34  0.12   -6.08  3.76  t    GaiaDR2 "Gaia DR2 4003439523132172288" 181.99048 25.5865   11.038483 11.564235 10.358817
  120 182.03835 24.72506  11.74 0.14  -11.72 0.21   -7.99  0.16   0.0    0.0   t    GaiaDR2 "Gaia DR2 4002824896132242816" 182.0384  24.725094 16.500357 18.499485 15.179626
  121 182.08101 21.082634 11.57 0.09  -12.0  0.13   -9.72  0.14   0.0    0.0   t    GaiaDR2 "Gaia DR2 3951753543094717184" 182.08105 21.082676 16.019648 17.627483 14.766696
  122 182.69121 21.101427 11.36 0.07  -11.77 0.1    -8.47  0.08   0.0    0.0   t    GaiaDR2 "Gaia DR2 3951789723899244800" 182.69125 21.101463 14.727535 16.03305  13.60035 
  123 182.692   27.281466 11.51 0.12  -12.35 0.15   -9.49  0.14   0.0    0.0   t    GaiaDR2 "Gaia DR2 4006703041146508416" 182.69206 27.281507 5.977178  6.030618  5.843238 
  124 182.89645 29.378992 11.19 0.04  -11.8  0.06   -8.84  0.05   0.91   0.83  t    GaiaDR2 "Gaia DR2 4013188785360910336" 182.8965  29.37903  10.994011 11.495173 10.337636
  125 183.43285 22.887953 11.55 0.13  -13.53 0.19   -8.45  0.15   6.59   1.43  t    GaiaDR2 "Gaia DR2 4001595504693460480" 183.43292 22.887989 7.975817  8.182669  7.613647 
  126 183.61047 23.233988 10.99 0.05  -11.28 0.09   -8.92  0.07   0.0    0.0   t    GaiaDR2 "Gaia DR2 4001643230370061056" 183.61052 23.234024 14.4736   15.751493 13.345751
  127 183.81815 29.350716 11.44 0.07  -11.78 0.12   -9.28  0.08   0.0    0.0   t    GaiaDR2 "Gaia DR2 4013361447341974912" 183.8182  29.350756 15.383797 16.92455  14.175254
  128 184.33119 14.065791 11.71 0.04  -12.45 0.08   -7.53  0.06   0.0    0.0   t    GaiaDR2 "Gaia DR2 3921056071800717440" 184.33125 14.065823 13.891661 15.117241 12.792488
  129 184.4737  20.376707 12.16 0.2   -13.98 0.23   -8.02  0.19   0.0    0.0   t    GaiaDR2 "Gaia DR2 3950758897388449152" 184.47377 20.376741 15.312557 16.826675 14.014701
  130 184.62108 32.748856 11.95 0.06  -13.01 0.08   -9.28  0.1    0.0    0.0   t    GaiaDR2 "Gaia DR2 4016309615972923648" 184.62115 32.748898 6.633513  6.745343  6.406171 
  131 185.06027 25.435343 10.83 0.07  -11.85 0.11   -8.66  0.08   0.0    0.0   t    GaiaDR2 "Gaia DR2 4008487999490702720" 185.06033 25.435379 15.058723 16.496576 13.884404
  132 185.92422 26.60146  10.82 0.09  -12.96 0.14   -9.5   0.09   8.63   4.6   t    GaiaDR2 "Gaia DR2 4008681513537028480" 185.92429 26.6015   9.166266  9.476928  8.682555 
  133 186.18143 30.297255 11.72 0.04  -11.72 0.06   -10.26 0.05   0.0    0.0   t    GaiaDR2 "Gaia DR2 4011987813721043456" 186.18149 30.297298 13.898965 15.072112 12.82489 
  134 186.5974  13.604766 11.38 0.15  -12.22 0.28   -7.86  0.23   0.0    0.0   t    GaiaDR2 "Gaia DR2 3908820878205220352" 186.59744 13.6048   17.160318 19.069468 15.857645
  135 188.12941 35.331154 11.96 0.04  -12.22 0.06   -10.34 0.04   -0.91  0.32  t    GaiaDR2 "Gaia DR2 1518264346362000256" 188.12947 35.3312   9.449951  9.77001   8.960263 
  136 189.36485 31.133934 11.42 0.16  -11.45 0.22   -8.24  0.15   0.0    0.0   t    GaiaDR2 "Gaia DR2 4012301410757822464" 189.36491 31.133968 17.549648 19.985249 16.115328
  137 191.51302 4.868906  10.82 0.04  -10.75 0.09   -6.26  0.05   0.96   0.37  t    GaiaDR2 "Gaia DR2 3705719227761753216" 191.51306 4.868933  10.761749 11.21823  10.142491
  138 191.77798 22.61679  12.0  0.05  -12.59 0.09   -8.92  0.06   0.0    0.0   t    GaiaDR2 "Gaia DR2 3955895059799912320" 191.77805 22.616829 8.251004  8.53018   7.801879 
  139 191.93521 19.497267 9.79  0.04  -9.05  0.09   -8.89  0.05   -24.87 0.33  t    GaiaDR2 "Gaia DR2 3942162881122775296" 191.93526 19.497305 10.515943 10.901496 9.961985 
  140 192.25168 25.359842 12.29 0.06  -12.71 0.08   -8.69  0.06   0.0    0.0   t    GaiaDR2 "Gaia DR2 3958058555085345280" 192.25174 25.359879 11.548386 12.225553 10.751073
  141 192.35074 27.166054 11.15 0.05  -11.28 0.07   -7.83  0.06   -0.53  1.54  t    GaiaDR2 "Gaia DR2 3961802632696061056" 192.35078 27.166086 12.395783 13.200377 11.518285
  142 192.86162 21.54541  11.59 0.14  -11.99 0.27   -9.36  0.16   0.0    0.0   t    GaiaDR2 "Gaia DR2 3954790802231914496" 192.86166 21.54545  17.398724 19.431774 16.064331
  143 192.9246  27.540678 11.49 0.18  -10.99 0.26   -8.31  0.21   0.0    0.0   t    GaiaDR2 "Gaia DR2 3961912034103154944" 192.92467 27.540714 4.736375  5.09422   4.231449 
  144 193.04834 25.373459 11.75 0.04  -11.47 0.06   -8.55  0.04   -0.65  0.27  t    GaiaDR2 "Gaia DR2 3958022924036722048" 193.0484  25.373495 8.74531   9.00163   8.323109 
  145 193.18333 30.07766  12.09 0.14  -11.71 0.16   -9.92  0.14   0.0    0.0   t    GaiaDR2 "Gaia DR2 1465022797889682176" 193.1834  30.077703 17.023518 18.96253  15.726549
  146 193.98074 22.920162 11.15 0.13  -11.04 0.26   -8.52  0.16   0.0    0.0   t    GaiaDR2 "Gaia DR2 3956537616971055360" 193.98079 22.920198 17.403994 19.406427 16.056618
  147 194.45251 26.660154 11.82 0.06  -12.34 0.09   -7.74  0.07   0.0    0.0   t    GaiaDR2 "Gaia DR2 3958585461673131520" 194.45258 26.660187 15.312668 16.88588  14.095659
  148 194.48561 24.821651 12.04 0.06  -12.18 0.12   -8.24  0.08   0.0    0.0   t    GaiaDR2 "Gaia DR2 3957357582063045120" 194.48567 24.821688 14.605183 16.133987 13.402376
  149 194.76282 25.518768 11.17 0.1   -11.43 0.12   -8.24  0.11   0.0    0.0   t    GaiaDR2 "Gaia DR2 3958248976756278272" 194.76286 25.518805 16.450966 18.173742 15.189531
  150 195.14651 23.651714 11.61 0.04  -11.97 0.09   -8.88  0.05   -0.59  0.24  t    GaiaDR2 "Gaia DR2 3956998694596150912" 195.14658 23.651752 8.143973  8.353478  7.778481 
  151 195.26198 22.47025  11.58 0.04  -11.54 0.07   -8.33  0.05   0.05   0.99  t    GaiaDR2 "Gaia DR2 3944475772551653632" 195.26202 22.470285 12.605855 13.473685 11.688945
  152 195.66718 33.37839  12.13 0.03  -12.02 0.05   -9.09  0.04   0.0    0.0   t    GaiaDR2 "Gaia DR2 1467522812454038656" 195.66724 33.37843  14.116992 15.421285 12.988659
  153 195.85977 25.652397 11.66 0.16  -12.45 0.29   -8.7   0.19   0.0    0.0   t    GaiaDR2 "Gaia DR2 1459518299083767808" 195.85983 25.652435 17.320042 19.383947 15.995547
  154 197.13614 31.922441 11.26 0.1   -11.02 0.14   -7.59  0.13   0.0    0.0   t    GaiaDR2 "Gaia DR2 1466385127156674176" 197.13618 31.922474 16.961185 19.094946 15.609042
  155 197.25673 19.027948 11.62 0.06  -11.96 0.12   -7.16  0.09   0.0    0.0   t    GaiaDR2 "Gaia DR2 3938325448103058816" 197.25679 19.02798  15.424356 16.951382 14.224441
  156 197.48021 33.721825 11.64 0.03  -11.32 0.04   -8.94  0.04   -1.06  0.24  t    GaiaDR2 "Gaia DR2 1467757420747501824" 197.48027 33.721863 9.450583  9.76559   8.966136 
  157 197.64069 31.941233 11.16 0.15  -10.88 0.17   -8.54  0.17   0.0    0.0   t    GaiaDR2 "Gaia DR2 1466198485057978624" 197.64073 31.941269 17.229979 19.238588 15.92024 
  158 197.69493 22.152979 11.18 0.03  -11.69 0.08   -7.72  0.05   -0.39  0.39  t    GaiaDR2 "Gaia DR2 3943853895646618624" 197.69498 22.153011 10.29544  10.693012 9.728038 
  159 197.6968  22.152266 11.21 0.04  -9.64  0.07   -8.1   0.05   -1.11  0.52  t    GaiaDR2 "Gaia DR2 3943853826927170560" 197.69684 22.1523   11.14323  11.679479 10.456055
  160 197.82083 17.169931 9.54  0.04  -9.94  0.09   -7.39  0.06   0.0    0.0   t    GaiaDR2 "Gaia DR2 3937058501470568960" 197.82088 17.169964 14.572186 15.782099 13.480386
  161 197.92491 25.962748 11.76 0.04  -11.54 0.07   -8.03  0.06   -0.93  0.59  t    GaiaDR2 "Gaia DR2 1459368662422928384" 197.92497 25.962782 11.512229 12.13462  10.757017
  162 198.26944 47.44343  11.8  0.08  -11.23 0.08   -7.61  0.09   0.0    0.0   t    GaiaDR2 "Gaia DR2 1554365436272271744" 198.26952 47.443466 16.124027 17.83735  14.869018
  163 198.99599 26.279644 12.0  0.09  -11.63 0.18   -7.99  0.13   0.0    0.0   t    GaiaDR2 "Gaia DR2 1447745999883612288" 198.99603 26.279678 16.21113  17.929333 14.96116 
  164 199.47371 36.94329  11.84 0.08  -10.53 0.12   -9.29  0.11   0.0    0.0   t    GaiaDR2 "Gaia DR2 1474685340434293504" 199.47377 36.943333 16.462868 18.273205 15.184279
  165 199.67351 29.250784 11.33 0.04  -12.5  0.05   -7.55  0.05   -0.52  0.37  t    GaiaDR2 "Gaia DR2 1461874994882981504" 199.67357 29.250816 11.66327  12.297831 10.877727
  166 199.69585 20.251183 11.74 0.04  -11.97 0.08   -7.56  0.05   -0.34  0.36  t    GaiaDR2 "Gaia DR2 3940194377351933056" 199.6959  20.251213 9.958134  10.330798 9.414574 
  167 200.29657 37.81351  12.03 0.03  -11.56 0.04   -8.56  0.03   -2.17  0.23  t    GaiaDR2 "Gaia DR2 1474645173901131136" 200.29663 37.813545 8.973002  9.252861  8.526971 
  168 200.3315  31.022764 11.34 0.06  -10.99 0.08   -6.81  0.09   0.0    0.0   t    GaiaDR2 "Gaia DR2 1463268080412063360" 200.33156 31.022793 15.919876 17.54292  14.690433
  169 200.54567 26.880869 12.04 0.08  -11.88 0.17   -7.88  0.16   0.0    0.0   t    GaiaDR2 "Gaia DR2 1449325173458893952" 200.54572 26.880903 16.548193 18.37106  15.276821
  170 201.27777 23.854387 11.03 0.1   -10.84 0.22   -7.6   0.19   0.0    0.0   t    GaiaDR2 "Gaia DR2 1446271417351852544" 201.27783 23.85442  5.739733  5.768252  5.656096 
  171 201.41399 25.68215  11.53 0.04  -10.31 0.09   -8.67  0.07   -0.35  0.66  t    GaiaDR2 "Gaia DR2 1448260262087566848" 201.41403 25.682186 9.009476  9.28287   8.568003 
  172 201.59149 17.587091 10.09 0.04  -12.29 0.07   -7.17  0.06   -11.32 0.33  t    GaiaDR2 "Gaia DR2 3746340341252375040" 201.59155 17.587124 10.370962 10.75169  9.818369 
  173 201.71529 34.907    11.37 0.03  -11.15 0.04   -7.24  0.03   0.0    0.0   t    GaiaDR2 "Gaia DR2 1473286418047384064" 201.71535 34.907032 13.953957 15.136567 12.868636
  174 201.89497 31.768164 11.64 0.18  -11.2  0.22   -6.53  0.14   0.0    0.0   t    GaiaDR2 "Gaia DR2 1468575384383435264" 201.89502 31.768192 18.24405  20.312035 16.8071  
  175 203.38243 26.591816 11.67 0.09  -10.89 0.15   -8.14  0.06   0.0    0.0   t    GaiaDR2 "Gaia DR2 1448560291323299840" 203.38249 26.59185  15.214639 16.746588 14.00318 
  176 205.16698 33.348473 10.92 0.09  -10.15 0.1    -6.49  0.09   0.0    0.0   t    GaiaDR2 "Gaia DR2 1470457649507049856" 205.16702 33.3485   16.582941 18.377186 15.308625
  177 205.67857 16.16216  11.28 0.07  -10.57 0.15   -6.39  0.09   0.0    0.0   t    GaiaDR2 "Gaia DR2 3742387837468523008" 205.67862 16.16219  15.817058 17.454473 14.584036
  178 206.36479 41.735977 12.08 0.05  -11.08 0.06   -7.42  0.06   0.0    0.0   t    GaiaDR2 "Gaia DR2 1500586604569943040" 206.36485 41.736008 15.486795 17.060831 14.26907 
  179 206.56201 36.441025 11.91 0.04  -10.12 0.05   -6.74  0.04   0.0    0.0   t    GaiaDR2 "Gaia DR2 1471493286380583168" 206.56207 36.441055 14.432036 15.792637 13.281478
  180 207.56699 33.084614 11.06 0.04  -9.5   0.04   -7.27  0.04   0.0    0.0   t    GaiaDR2 "Gaia DR2 1458297016545431936" 207.56705 33.084644 14.208377 15.582448 13.053622
  181 208.65076 33.435783 12.44 0.08  -8.17  0.09   -6.97  0.09   0.0    0.0   t    GaiaDR2 "Gaia DR2 1458648963344817664" 208.6508  33.435814 16.573267 18.372755 15.297664
  182 209.38193 31.726625 11.47 0.1   -8.84  0.18   -4.65  0.13   0.0    0.0   t    GaiaDR2 "Gaia DR2 1457498599303456000" 209.38197 31.726645 17.275644 19.242453 15.973869
  183 210.06126 30.947124 10.98 0.03  -8.18  0.06   -8.0   0.04   -1.75  0.32  t    GaiaDR2 "Gaia DR2 1454399316541848576" 210.06131 30.947159 10.300168 10.695883 9.736974 
  184 210.9651  36.377987 11.34 0.11  -9.29  0.08   -7.1   0.13   0.0    0.0   t    GaiaDR2 "Gaia DR2 1483407937977056384" 210.96515 36.378017 17.27709  19.264376 15.952556
  185 211.0085  38.128845 11.19 0.04  -9.71  0.04   -6.62  0.05   0.0    0.0   t    GaiaDR2 "Gaia DR2 1483904436196087552" 211.00854 38.128876 14.749226 16.077936 13.6141  
  186 212.32184 26.654638 11.36 0.12  -9.49  0.2    -6.56  0.19   0.0    0.0   t    GaiaDR2 "Gaia DR2 1259987931126020736" 212.32188 26.654667 17.650097 19.751574 16.307365
  187 212.40778 22.754353 10.95 0.08  -9.26  0.16   -5.92  0.13   0.0    0.0   t    GaiaDR2 "Gaia DR2 1253655156466983168" 212.40782 22.75438  15.463689 17.080252 14.22423 
  188 212.78305 27.522966 11.53 0.08  -10.02 0.12   -7.12  0.14   0.0    0.0   t    GaiaDR2 "Gaia DR2 1260123858250996608" 212.7831  27.522997 16.172527 17.900984 14.915539
  189 214.32504 28.439928 10.47 0.04  -8.2   0.06   -5.33  0.07   0.0    0.0   t    GaiaDR2 "Gaia DR2 1260617607691437952" 214.32507 28.439953 14.439327 15.745384 13.309625
  190 214.82614 26.321587 11.29 0.04  -9.29  0.07   -6.72  0.07   -1.58  0.4   t    GaiaDR2 "Gaia DR2 1259389659361730048" 214.82619 26.321615 11.224125 11.77305  10.530504
  191 214.97417 33.39244  11.39 0.08  -9.44  0.07   -7.47  0.12   0.0    0.0   t    GaiaDR2 "Gaia DR2 1478245490368898816" 214.97423 33.39247  14.617483 16.017637 13.451472
  192 216.27255 31.394058 11.2  0.07  -9.34  0.11   -6.68  0.11   0.0    0.0   t    GaiaDR2 "Gaia DR2 1285545941474827776" 216.2726  31.394089 15.779591 17.36177  14.563218
  193 218.21614 14.695022 10.86 0.04  -8.68  0.06   -6.16  0.07   0.24   1.5   t    GaiaDR2 "Gaia DR2 1228225548460366080" 218.21619 14.695049 12.725996 13.595916 11.809619
  194 218.62405 35.291985 10.81 0.03  -8.39  0.03   -6.4   0.04   -2.06  0.43  t    GaiaDR2 "Gaia DR2 1480156579014364416" 218.6241  35.29201  11.935512 12.614795 11.140633
  195 218.7573  36.81946  10.77 0.05  -6.82  0.06   -6.59  0.08   0.0    0.0   t    GaiaDR2 "Gaia DR2 1486484268431958272" 218.75732 36.819492 15.879285 17.450397 14.654802
  196 219.45642 29.160866 10.6  0.07  -7.52  0.1    -6.18  0.14   0.0    0.0   t    GaiaDR2 "Gaia DR2 1281163666083831808" 219.45645 29.160892 15.873582 17.461063 14.651815
  197 219.8527  36.5105   10.39 0.05  -8.73  0.05   -6.56  0.07   0.31   1.47  t    GaiaDR2 "Gaia DR2 1486239863316877952" 219.85275 36.51053  8.433146  8.655772  8.052083 
